0,429
305,89
305,88
0,402
0,401
0,398
0,396
0,394
0,393
0,392
0,387
0,386
0,383
0,382
0,381
0,380
0,379
0,377
0,375
0,374
0,367
0,366
0,365
0,362
0,361
0,360
0,357
0,356
0,355
0,354
0,353
0,352
0,351
0,348
0,344
0,343
0,342
0,341
0,340
0,339
0,338
0,337
0,336
0,334
0,332
0,330
0,328
0,327
0,325
0,323
0,322
0,505
0,471
0,468
305,87
305,86
305,85
467,52
467,51
467,50
467,49
467,48
467,47
467,46
467,45
467,44
0,462
0,455
0,454
0,451
0,450
0,449
467,43
467,42
467,41
467,40
467,39
467,38
467,37
467,36
311,250
311,249
311,247
467,35
305,260
305,259
305,258
305,257
305,256
305,84
305,83
305,82
305,81
305,80
305,79
305,78
305,77
305,76
305,69
305,68
305,67
305,66
305,65
305,64
305,39
305,5
305,1
293,11
293,10
293,9
293,8
292,11
292,10
292,9
292,8
292,7
292,6
277,3
277,1
267,3
267,1
266,3
266,1
265,3
265,1
264,3
264,1
263,3
263,1
262,3
262,1
261,3
261,1
252,3
252,1
249,3
249,1
248,3
248,1
247,3
247,1
246,3
246,1
245,3
245,1
244,3
244,1
243,3
243,1
242,3
242,1
241,76
241,3
241,1
240,3
240,1
239,3
239,1
238,3
238,1
20,3
20,2
20,1
19,3
19,2
19,1
18,3
18,1
14,9
14,15
14,8
14,3
14,1
13,3
13,1
12,3
12,2
12,1
11,28
11,27
11,26
11,25
11,24
11,23
11,22
11,21
11,20
11,19
11,18
11,17
11,15
11,14
11,13
11,12
11,11
11,10
11,9
11,8
11,7
11,6
11,5
11,4
11,3
11,2
11,1
10,297
10,233
10,163
10,27
10,1
10,17
0,567
0,539
0,470
0,469
0,467
0,466
0,465
2,2
0,464
0,463
2,1
0,461
0,459
2,3
0,458
0,457
0,453
0,452
0,447
0,437
0,436
0,434
0,433
0,424
0,420
0,417
0,415
0,413
0,412
0,411
0,406
0,405
0,391
